00110000000000000000010000110111
01000000000000000000010010110111
00000000101000000000101000010011
00000110010000000000101010010011
00000000001100000000001010010011
00000000010101000010000000100011
00000000000001001000000010100011
00000000000001001000000100100011
00000000000001001000000110100011
00000000000001001000001000100011
00000000000001001000001010100011
00000000000001001000001100100011
00000101010000000000000011101111
00000000000001010000100100110011
00000100110000000000000011101111
00000000000001010000100110110011
00000011010110010101001010110011
00000011010000101111001010110011
00000000010101001000000010100011
00000011010010010101001010110011
00000011010000101111001010110011
00000000010101001000000100100011
00000011010010010111001010110011
00000000010101001000000110100011
00000011010110011101001010110011
00000011010000101111001010110011
00000000010101001000001000100011
00000011010010011101001010110011
00000011010000101111001010110011
00000000010101001000001010100011
00000011010010011111001010110011
00000000010101001000001100100011
11111011000111111111000001101111
00000000010001000010001010000011
00000000001000101111001010010011
11111110000000101000110011100011
00000001000001000010010100000011
00000000000001000010001000100011
00000000000000001000000001100111
